优先表转换成优先函数

输入符号个数
输入符号

输出bell连通矩阵
输出优先函数
（每个数宽度3格）

5 
+ * i ( )
> < < < >
> > < < >
> > 0 0 >
< < < < =
> > 0 0 >

  + * i ( ) + * i ( )
4 1 0 0 1 0 1 0 0 0 1
6 1 1 0 1 0 1 1 0 0 1
6 1 0 1 1 0 1 1 0 0 1
2 0 0 0 1 0 0 0 0 0 1
6 1 0 0 1 1 1 1 0 0 1
3 0 0 0 1 0 1 0 0 0 1
5 1 0 0 1 0 1 1 0 0 1
7 1 1 0 1 0 1 1 1 0 1
7 1 1 0 1 0 1 1 0 1 1
2 0 0 0 1 0 0 0 0 0 1

  + * i ( )
f 4 6 6 2 6
g 3 5 7 7 2


--- 辅助表格
  + * i ( ) + * i ( )
+ 1 0 0 1 0 1 0 0 0 1
* 1 1 0 1 0 1 1 0 0 1
i 1 0 1 1 0 1 1 0 0 1
( 0 0 0 1 0 0 0 0 0 1
) 1 0 0 1 1 1 1 0 0 1
+ 0 0 0 1 0 1 0 0 0 1
* 1 0 0 1 0 1 1 0 0 1
i 1 1 0 1 0 1 1 1 0 1
( 1 1 0 1 0 1 1 0 1 1
) 0 0 0 1 0 0 0 0 0 1